C:\Users\cscss\PycharmProjects\tf-idf\.venv\Scripts\python.exe C:\Users\cscss\PycharmProjects\tf-idf\main.py
word_count   (np.int32(0), np.int32(53))	1
  (np.int32(0), np.int32(14))	1
  (np.int32(0), np.int32(63))	1
  (np.int32(0), np.int32(49))	2
  (np.int32(0), np.int32(20))	1
  (np.int32(0), np.int32(38))	1
  (np.int32(0), np.int32(86))	1
  (np.int32(0), np.int32(41))	1
  (np.int32(0), np.int32(4))	1
  (np.int32(0), np.int32(55))	1
  (np.int32(0), np.int32(81))	1
  (np.int32(0), np.int32(83))	1
  (np.int32(0), np.int32(87))	1
  (np.int32(0), np.int32(92))	1
  (np.int32(0), np.int32(27))	1
  (np.int32(0), np.int32(24))	1
  (np.int32(1), np.int32(63))	1
  (np.int32(1), np.int32(49))	1
  (np.int32(1), np.int32(83))	1
  (np.int32(1), np.int32(17))	1
  (np.int32(1), np.int32(1))	1
  (np.int32(1), np.int32(29))	1
  (np.int32(1), np.int32(45))	1
  (np.int32(1), np.int32(11))	1
  (np.int32(1), np.int32(62))	1
  :	:
  (np.int32(7), np.int32(14))	1
  (np.int32(7), np.int32(41))	1
  (np.int32(7), np.int32(45))	1
  (np.int32(7), np.int32(71))	1
  (np.int32(7), np.int32(67))	1
  (np.int32(7), np.int32(89))	1
  (np.int32(7), np.int32(80))	1
  (np.int32(7), np.int32(98))	1
  (np.int32(7), np.int32(96))	1
  (np.int32(7), np.int32(0))	1
  (np.int32(7), np.int32(7))	2
  (np.int32(7), np.int32(66))	1
  (np.int32(7), np.int32(18))	1
  (np.int32(7), np.int32(3))	1
  (np.int32(7), np.int32(31))	1
  (np.int32(7), np.int32(56))	1
  (np.int32(7), np.int32(77))	1
  (np.int32(7), np.int32(65))	1
  (np.int32(7), np.int32(34))	1
  (np.int32(7), np.int32(68))	1
  (np.int32(7), np.int32(51))	1
  (np.int32(7), np.int32(88))	1
  (np.int32(7), np.int32(99))	2
  (np.int32(7), np.int32(26))	1
  (np.int32(7), np.int32(42))	1
[[0 0 0 0 1 0 0 0 0 0 0 0 0 0 1 0 0 0 0 0 1 0 0 0 1 0 0 1 0 0 0 0 0 0 0 0
  0 0 1 0 0 1 0 0 0 0 0 0 0 2 0 0 0 1 0 1 0 0 0 0 0 0 0 1 0 0 0 0 0 0 0 0
  0 0 0 0 0 0 0 0 0 1 0 1 0 0 1 1 0 0 0 0 1 0 0 0 0 0 0 0 0 0]
 [0 1 0 0 0 0 0 0 0 0 0 1 0 1 0 1 0 1 0 0 0 0 0 0 0 0 0 0 0 1 0 0 0 0 0 0
  0 0 0 0 0 0 0 0 0 1 0 0 0 1 0 0 0 0 0 0 0 0 0 0 0 0 1 1 0 0 0 1 0 0 0 1
  0 0 0 0 0 0 0 0 0 0 0 1 0 0 0 0 0 0 0 0 0 0 0 1 0 0 0 0 0 0]
 [0 0 0 0 0 0 0 0 0 1 1 0 0 0 1 0 0 0 0 0 0 0 0 1 0 0 0 0 0 0 1 0 0 1 0 0
  1 0 0 0 0 1 0 0 0 1 0 0 0 1 0 0 0 1 0 0 0 0 0 0 0 0 0 0 0 0 0 0 0 0 1 0
  0 0 0 0 0 0 0 1 0 0 0 1 0 0 0 0 0 1 1 0 0 0 1 0 0 0 0 0 0 0]
 [0 0 0 0 0 0 1 0 0 0 0 0 0 0 1 0 1 0 0 0 0 0 1 0 0 0 0 0 0 0 0 0 0 0 0 0
  0 0 0 0 1 0 0 0 1 0 0 0 1 0 1 0 1 1 0 0 0 0 1 1 1 0 0 0 0 0 0 0 0 0 0 0
  0 0 1 0 0 0 0 0 1 0 1 1 0 0 0 0 0 0 0 0 0 0 1 0 1 0 1 0 1 0]
 [0 0 1 0 0 0 0 0 1 0 0 0 0 1 1 1 0 0 0 0 0 1 0 0 0 0 0 0 1 0 0 0 1 0 0 0
  0 0 0 0 1 1 0 0 0 0 1 1 0 0 0 0 0 1 0 0 0 0 0 0 0 0 0 0 0 0 0 0 0 1 0 0
  1 0 0 1 1 0 1 0 0 0 0 1 1 0 0 0 0 0 0 1 0 0 0 1 0 1 0 0 0 0]
 [0 0 0 0 0 0 0 0 0 0 0 0 1 0 1 0 0 0 0 0 0 0 1 0 0 1 0 0 0 0 0 0 0 0 0 0
  0 1 0 0 0 0 0 0 0 0 0 0 0 0 0 0 0 1 0 0 0 1 0 0 0 1 0 0 1 0 0 0 0 0 0 0
  0 0 0 0 0 0 0 0 0 0 0 1 0 0 0 0 0 0 0 0 0 0 0 0 0 0 0 0 0 1]
 [1 0 0 0 0 1 0 1 0 0 0 0 0 0 1 0 0 0 0 1 1 0 0 0 0 0 0 0 0 0 0 0 0 0 0 1
  0 0 0 1 0 0 0 1 0 0 0 0 0 0 0 0 0 1 1 0 0 0 1 0 0 0 0 0 0 0 1 0 0 0 0 0
  0 1 0 0 0 0 0 0 0 0 0 1 0 1 0 0 0 0 0 0 0 1 0 0 0 0 1 0 1 0]
 [1 0 0 1 0 0 0 2 0 0 0 0 0 0 1 0 0 0 1 0 0 0 0 0 0 0 1 0 0 0 0 1 0 0 1 0
  0 0 0 0 0 1 1 0 0 1 0 0 0 0 0 1 0 1 0 0 1 0 0 0 0 0 0 0 0 1 1 1 1 0 0 1
  0 0 0 0 0 1 0 0 1 0 0 0 0 0 0 0 1 1 0 0 0 0 0 0 1 0 1 2 0 0]]
df_idf       idf_weights
bạn      2.098612
chí      2.504077
chọc     2.504077
chợ      2.504077
con      2.504077
...           ...
đẹp      2.504077
đến      1.810930
đồ       2.504077
động     2.098612
đỡ       2.504077

[102 rows x 1 columns]
df_tfifd          tfidf
bạn   0.000000
chí   0.309203
chọc  0.000000
chợ   0.000000
con   0.000000
...        ...
đẹp   0.000000
đến   0.000000
đồ    0.000000
động  0.000000
đỡ    0.000000

[102 rows x 1 columns]

Process finished with exit code 0
